12
1 324
100
9 324
48 78 70 1 10 97 6 95 46
55 149
49 39 36 47 43 23 40 33 33 6 16 46 35 26 24 46 24 44 12 49 37 38 22 45 22 39 31 50 38 37 2 19 33 32 29 20 11 10 37 27 26 41 37 21 48 37 23 29 46 29 2 5 21 42 10
59 75
10 13 13 6 25 10 9 20 24 6 20 25 23 8 18 6 23 19 19 2 3 16 16 10 20 17 24 15 5 23 12 11 18 15 15 23 22 25 13 15 19 21 18 3 7 25 1 5 4 5 11 19 7 13 19 18 9 17 6
78 954
77 21 151 314 185 214 135 41 34 98 90 187 253 282 32 247 84 99 68 215 241 164 176 262 194 314 2 27 271 204 157 180 60 96 142 24 3 31 249 181 3 78 232 240 209 157 218 9 7 175 244 128 153 126 277 255 98 77 281 190 193 99 45 194 227 88 117 60 24 123 20 51 152 274 258 177 256 15
1 163
33
26 262
62 35 84 21 44 2 7 46 8 37 86 9 87 65 34 19 28 13 10 35 48 56 21 33 84 68
48 508
115 90 49 134 55 98 159 156 98 97 124 34 123 118 137 24 51 56 113 29 125 58 143 25 124 162 100 53 75 104 72 157 71 49 126 4 91 68 96 123 64 148 69 169 11 142 51 3
46 162
20 10 46 22 24 18 3 27 13 49 4 34 43 29 47 23 14 20 32 54 23 4 27 43 44 43 43 27 26 21 34 14 45 39 8 42 26 18 16 24 38 21 49 12 30 34
62 889
106 106 104 5 169 90 172 84 260 132 209 43 81 262 84 259 156 239 174 16 24 255 84 269 37 265 163 45 247 94 48 180 93 110 68 175 269 76 148 253 261 97 290 271 97 178 205 238 130 111 30 147 255 27 136 274 282 137 24 268 64 157
5 15
4 1 2 3 2
5 15
3 4 3 15 4
